******************iteration1******************
                                                                                
            1 3                                                                 
        1                                                                       
      3   1   3                                                                 
        1 3 1   3                                             1 3               
      1   3   1                                           3 1                   
        3 1     3 1 3                             1 3   1 3                     
    1   3 1 3   1                               3   1     3 1                   
    3 1 3 1   3                             1   3 1   3 1 3   1 3               
      1     3 1 3 1                     3     1 3   1     3     1 3             
    1 3   1   3 1   3                 1     3     1   3 1   3 1   3 1           
        3 1   3   1     3                   1 3       1     3 1                 
      3 1   3 1     3 1                           3   1   3   1                 
          3 1   3 1                             3   1   3   1   3 1             
              3                                   1 3       1   3 1             
        3 2       4 2                     4   2     4   2 4   2 4               
              2                                 4     2   4 2                   
                                                    4   2     4 2               
                                                      4   2                     
                                                4       2                       
                                                                                
                                                                                
              4     2                                                           
                                                        4                       
      2 4   2 4 2                                                               
          4 2                                           4                       
        2     4 2                                     4 2 4 2                   
      4   2 4 2 4                               2 4     2 4                     
        2   4 2   4 2 4 2   4                 2 4 2 4     2 4                   
    2 4   2 4 2 4                               2 4     2 4   2 4               
        2 4   2     4 2                 4     2 4   2 4         2 4             
      2   4 2     4 2                               4 2   4 2     4 2           
    4 2     4 2                                   4 2   4 2     4 2             
                                                    4 2     4 2                 
                                                                                
******************iteration2******************
                                                                                
            3 3                                                                 
        3                                                                       
      3   3   3                                                                 
        3 3 3   3                                             1 1               
      3   3   3                                           1 1                   
        3 3     3 3 3                             1 1   1 1                     
    3   3 3 3   3                               1   1     1 1                   
    3 3 3 3   3                             1   1 1   1 1 1   1 1               
      3     3 3 3 3                     1     1 1   1     1     1 1             
    3 3   3   3 3   3                 1     1     1   1 1   1 1   1 1           
        3 3   3   3     3                   1 1       1     1 1                 
      3 3   3 3     3 3                           1   1   1   1                 
          3 3   3 3                             1   1   1   1   1 1             
              3                                   1 1       1   1 1             
        3 3       3 3                     3   1     1   1 1   1 1               
              3                                 1     1   4 4                   
                                                    4   4     4 4               
                                                      4   4                     
                                                4       4                       
                                                                                
                                                                                
              2     2                                                           
                                                        4                       
      2 2   2 2 2                                                               
          2 2                                           4                       
        2     2 2                                     4 4 4 4                   
      2   2 2 2 2                               4 4     4 4                     
        2   2 2   2 2 2 2   2                 4 4 4 4     4 4                   
    2 2   2 2 2 2                               4 4     4 4   4 4               
        2 2   2     2 2                 4     4 4   4 4         4 4             
      2   2 2     2 2                               4 4   4 4     4 4           
    2 2     2 2                                   4 4   4 4     4 4             
                                                    4 4     4 4                 
                                                                                
******************iteration3******************
                                                                                
            3 3                                                                 
        3                                                                       
      3   3   3                                                                 
        3 3 3   3                                             1 1               
      3   3   3                                           1 1                   
        3 3     3 3 3                             1 1   1 1                     
    3   3 3 3   3                               1   1     1 1                   
    3 3 3 3   3                             1   1 1   1 1 1   1 1               
      3     3 3 3 3                     1     1 1   1     1     1 1             
    3 3   3   3 3   3                 1     1     1   1 1   1 1   1 1           
        3 3   3   3     3                   1 1       1     1 1                 
      3 3   3 3     3 3                           1   1   1   1                 
          3 3   3 3                             1   1   1   1   1 1             
              3                                   1 1       1   1 1             
        3 3       3 3                     1   1     1   1 1   1 1               
              3                                 1     1   1 1                   
                                                    1   1     1 1               
                                                      1   1                     
                                                4       4                       
                                                                                
                                                                                
              2     2                                                           
                                                        4                       
      2 2   2 2 2                                                               
          2 2                                           4                       
        2     2 2                                     4 4 4 4                   
      2   2 2 2 2                               4 4     4 4                     
        2   2 2   2 2 2 2   2                 4 4 4 4     4 4                   
    2 2   2 2 2 2                               4 4     4 4   4 4               
        2 2   2     2 2                 4     4 4   4 4         4 4             
      2   2 2     2 2                               4 4   4 4     4 4           
    2 2     2 2                                   4 4   4 4     4 4             
                                                    4 4     4 4                 
                                                                                
******************iteration4******************
                                                                                
            3 3                                                                 
        3                                                                       
      3   3   3                                                                 
        3 3 3   3                                             1 1               
      3   3   3                                           1 1                   
        3 3     3 3 3                             1 1   1 1                     
    3   3 3 3   3                               1   1     1 1                   
    3 3 3 3   3                             1   1 1   1 1 1   1 1               
      3     3 3 3 3                     1     1 1   1     1     1 1             
    3 3   3   3 3   3                 1     1     1   1 1   1 1   1 1           
        3 3   3   3     3                   1 1       1     1 1                 
      3 3   3 3     3 3                           1   1   1   1                 
          3 3   3 3                             1   1   1   1   1 1             
              3                                   1 1       1   1 1             
        3 3       3 3                     1   1     1   1 1   1 1               
              3                                 1     1   1 1                   
                                                    1   1     1 1               
                                                      1   1                     
                                                1       1                       
                                                                                
                                                                                
              2     2                                                           
                                                        4                       
      2 2   2 2 2                                                               
          2 2                                           4                       
        2     2 2                                     4 4 4 4                   
      2   2 2 2 2                               4 4     4 4                     
        2   2 2   2 2 2 2   2                 4 4 4 4     4 4                   
    2 2   2 2 2 2                               4 4     4 4   4 4               
        2 2   2     2 2                 4     4 4   4 4         4 4             
      2   2 2     2 2                               4 4   4 4     4 4           
    2 2     2 2                                   4 4   4 4     4 4             
                                                    4 4     4 4                 
                                                                                
